Lanczos step = 0
u[0] = 
         0.011954            0.12506            0.26864            0.37768            0.27759            0.20501            0.34741            0.36181           0.026246           0.058567            0.14026           0.033742            0.39163            0.23808            0.11494            0.38796

u[1] = 
        0.0053691           0.089984           0.018963           -0.14012          -0.071922             0.3604           -0.10799           -0.27176            0.27627            0.19862            0.52695             0.4173           -0.15492           -0.14042            0.33111            0.17425

u[2] = 
        0.0025718            0.17583           -0.18829           0.090058           -0.12117           -0.35538              0.149           -0.12287             0.2837            0.71144           -0.33089            0.16198           0.062903            0.11806          0.0038713           0.083463

u[3] = 
        0.0008887            0.20573           -0.24287           -0.22119          -0.008315            0.36657           -0.17871            0.28613           0.097306            0.22665            0.16048           -0.28815           -0.24076            0.45978            -0.4021           0.028842

u[4] = 
        0.0077424          -0.082309           0.026559           -0.27117           0.023137           -0.28931           -0.32296           -0.28573           -0.14186           -0.45262           -0.23654           -0.33002           -0.26514           -0.40198           -0.16372           0.014248

u[5] = 
        0.0020654           0.041813            -0.1381          -0.051013           -0.20274           -0.27712           0.069093           0.024255            0.25249             0.3698             -0.536           -0.12381          -0.065003            0.29388            -0.5095          0.0038008

u[6] = 
       0.00095008            0.14419           -0.24064           -0.39971           -0.14298            0.36607           -0.25866           -0.21514            0.21803            0.09445            0.38847             0.2108           -0.41613            0.10148           -0.24212          0.0017484

u[7] = 
       0.00025407            0.18392           -0.23198           0.024394           0.032525           -0.44826           0.098747            -0.4721          0.0098156             0.2849          -0.035822            0.48864           0.015733           -0.30519            0.24988         0.00046754

Lanczos step = 1
x[0] = 
       -0.0016728            -0.0175          -0.037592           -0.05285          -0.038844          -0.028688          -0.048615           -0.05063         -0.0036728         -0.0081954          -0.019627         -0.0047216          -0.054802          -0.033316          -0.016084          -0.054289

u[0] = 
         0.011954            0.12506            0.26864            0.37768            0.27759            0.20501            0.34741            0.36181           0.026246           0.058567            0.14026           0.033742            0.39163            0.23808            0.11494            0.38796

u[1] = 
        0.0053691           0.089984           0.018963           -0.14012          -0.071922             0.3604           -0.10799           -0.27176            0.27627            0.19862            0.52695             0.4173           -0.15492           -0.14042            0.33111            0.17425

x(at1) = 
        0.0013947           0.033909          -0.026759            -0.1329          -0.079934            0.17722           -0.11031           -0.20589            0.15417            0.10528            0.28143            0.23369           -0.14331           -0.11354            0.17308           0.045263

u[2] = 
        0.0025718            0.17583           -0.18829           0.090058           -0.12117           -0.35538              0.149           -0.12287             0.2837            0.71144           -0.33089            0.16198           0.062903            0.11806          0.0038713           0.083463

x(at2) = 
      -0.00037664          -0.087193            0.10293           -0.19493           0.003524            0.42199           -0.21293           -0.12127           -0.04124           -0.38473            0.50934            0.12212           -0.18664           -0.19486            0.17042          -0.012223

u[3] = 
        0.0008887            0.20573           -0.24287           -0.22119          -0.008315            0.36657           -0.17871            0.28613           0.097306            0.22665            0.16048           -0.28815           -0.24076            0.45978            -0.4021           0.028842

x(at3) = 
       2.1761e-18        -1.6222e-17         1.1502e-17           -0.28868        -8.0429e-17            0.57735           -0.28868        -3.7558e-16         1.4447e-16           -0.28868            0.57735         2.7108e-16           -0.28868        -2.9886e-16         3.0788e-16         4.2983e-17

u[4] = 
        0.0077424          -0.082309           0.026559           -0.27117           0.023137           -0.28931           -0.32296           -0.28573           -0.14186           -0.45262           -0.23654           -0.33002           -0.26514           -0.40198           -0.16372           0.014248

x(at4) = 
       9.4606e-19        -3.1453e-18         7.2829e-18           -0.28868        -8.4105e-17            0.57735           -0.28868        -3.3018e-16           1.67e-16           -0.28868            0.57735         3.2352e-16           -0.28868        -2.3499e-16         3.3389e-16         4.0719e-17

u[5] = 
        0.0020654           0.041813            -0.1381          -0.051013           -0.20274           -0.27712           0.069093           0.024255            0.25249             0.3698             -0.536           -0.12381          -0.065003            0.29388            -0.5095          0.0038008

x(at5) = 
       1.4368e-18         6.7905e-18        -2.5534e-17           -0.28868        -1.3228e-16            0.57735           -0.28868        -3.2442e-16           2.27e-16           -0.28868            0.57735          2.941e-16           -0.28868        -1.6516e-16         2.1283e-16         4.1622e-17

u[6] = 
       0.00095008            0.14419           -0.24064           -0.39971           -0.14298            0.36607           -0.25866           -0.21514            0.21803            0.09445            0.38847             0.2108           -0.41613            0.10148           -0.24212          0.0017484

x(at6) = 
       1.2027e-18        -2.8749e-17         3.3778e-17           -0.28868        -9.7039e-17            0.57735           -0.28868        -2.7139e-16         1.7326e-16           -0.28868            0.57735         2.4214e-16           -0.28868        -1.9017e-16          2.725e-16         4.1191e-17

u[7] = 
       0.00025407            0.18392           -0.23198           0.024394           0.032525           -0.44826           0.098747            -0.4721          0.0098156             0.2849          -0.035822            0.48864           0.015733           -0.30519            0.24988         0.00046754

x(at7) = 
       1.2197e-18        -1.6448e-17         1.8262e-17           -0.28868        -9.4864e-17            0.57735           -0.28868        -3.0297e-16         1.7392e-16           -0.28868            0.57735         2.7482e-16           -0.28868        -2.1059e-16         2.8921e-16         4.1222e-17

u[8] = 
        0.0048303          -0.088299           -0.05477           -0.30443          -0.065096           -0.32468           -0.31953           -0.27956          -0.091476            -0.3405           -0.32959           -0.32355           -0.30633           -0.31415           -0.27226          -0.048181

Break at count = 6
1. Ground State of EIGEN VALUES
-2
               -2            -1.9111                 -1           -0.40592        -4.2338e-16            0.34423                  1             1.0023                  0                  0                  0                  0                  0                  0


2. EIGEN VECTOR OF GROUND STATE
       1.2197e-18        -1.6448e-17         1.8262e-17           -0.28868        -9.4864e-17            0.57735           -0.28868        -3.0297e-16         1.7392e-16           -0.28868            0.57735         2.7482e-16           -0.28868        -2.1059e-16         2.8921e-16         4.1222e-17


